New York
28.34
29.16
29.18
28.88
31.45
30.60
30.81
30.78
30.39
30.51
31.66
30.06
31.73
29.91
30.18
30.56
30.39
30.42
29.85
29.43
29.29
31.24
29.49
29.24
29.64
29.82
29.76
29.51
29.41
29.09
29.15
28.72
28.50
28.94
28.99
28.95
29.10
28.97
28.65
28.36
28.75
30.17
28.33
28.25
27.90
29.35
27.92
27.90
27.83
27.82
28.37
28.27
28.13
28.14
28.16
28.35
28.39
28.24
28.05
29.46
28.18
28.21
28.11
27.95
27.96
27.99
27.96
27.78
27.65
27.31
27.07
29.00
27.47
27.40
27.90
27.88
28.39
28.38
28.21
28.09
27.65
27.99
27.87
27.77
28.17
28.02
29.46
28.52
28.33
28.36
28.23
27.90
27.92
28.03
28.04
27.75
27.90
27.68
28.66
27.58
27.86
28.21
28.15
29.81
28.35
29.64
28.24
29.35
29.17
27.81
27.49
27.55
27.77
27.82
27.80
27.90
28.16
27.90
27.78
27.69
Amsterdam
28.18
28.21
28.11
29.35
27.96
27.99
27.96
27.78
27.65
27.31
27.07
27.62
27.47
27.40
29.29
27.88
28.39
28.38
29.62
28.09
27.65
27.99
27.87
27.77
28.17
28.02
28.06
28.52
28.33
28.36
28.23
27.90
27.92
28.03
29.44
27.75
29.29
27.68
27.30
27.58
27.86
28.21
28.15
28.39
28.35
28.23
28.24
27.95
27.78
27.81
27.49
27.55
27.77
27.82
27.80
27.90
28.16
29.29
27.78
29.07
London
28.97
30.08
28.36
28.75
28.73
28.33
28.25
27.90
27.95
27.92
27.90
27.83
27.82
28.37
29.69
28.13
28.14
28.16
28.35
28.39
28.24
28.05
28.06
29.59
28.21
28.11
27.95
27.96
27.99
29.36
27.78
29.03
28.68
27.07
27.62
27.47
27.40
27.90
27.88
28.39
28.38
28.21
28.09
27.65
27.99
27.87
27.77
28.17
28.02
28.06
29.95
28.33
28.36
28.23
27.90
27.92
28.03
28.04
27.75
27.90
27.68
27.30
27.58
29.25
28.21
29.56
28.39
28.35
28.23
28.24
27.95
27.78
27.81
27.49
28.93
27.77
27.82
27.80
27.90
29.57
27.90
27.78
27.69
